0: []
1: []
2: [35]
3: []
4: []
5: [1099, -1099, 1166, -1166, 1171, 1166, -1171, 1163, -1166, 1318]
6: []
7: [17]
8: [10, 258, -258, 314, 749, -749, 754, -754, 754, -754, 760, 754, -760, -754, 759, -759, 765, 760, -765, 754, -760, -754, 759, 1374, 1517]
9: []
10: [27, 364, 356, -364, 524, 741, 960, -960, 1013, 1228, 1226, -1228, -1226, 1228, -1228, 1230, 1228, -1230, -1228, 1230, 1228, -1230, 1226, -1228, -1226, 1228, 1678]
11: [60, 521, 519, -521, -519, 521, -521, 521, 519, -521, -519, 521, -521, 521, -521, 522, -522, 524, 1028, -1028]
12: []
13: [13]
14: [304]
15: [627, -627, 631]
16: []
17: [1485, 1484, -1485]
18: [449, 904, 899, -904, 895, -899, -895, 896, 1226]
19: [18, 339, -339, 515]
20: [6, 390, -390, 436]
21: []
22: []
23: [1609, 1608, -1609, 1848]
24: []
25: []
26: []
27: [11]
28: []
29: []
30: []
31: [676, 669, -676, -669, 675, -675, 684, -684, 687, -687, 675, -675, 682, -682, 681, -681, 681, -681, 679, 676, -679, -676, 677, 676, -677, -676, 680, -680, 681, -681, 680, -680, 680, -680, 679, -679, 675, -675, 675, -675]
32: []
33: [175]
34: []
35: []
36: []
37: []
38: [10]
39: []
40: []
41: [1243, -1243, 1243, -1243, 1243]
42: []
43: []
44: []
45: []
46: []
47: []
48: [646, 642, -646, -642, 644, 642, -644, -642, 644, 642, -644, -642, 644, -644, 650, 646, -650]
49: []
50: []
51: []
52: [4]
53: []
54: []
55: [692, 1726, 1724, -1726, -1724, 1726, -1726, 1767, -1767, 1823, -1823, 1824]
56: [536, 762, 760, -762, -760, 762, 760, -762, 759, -760, -759, 760, 1041, -1041, 1042, -1042, 1161, 1160, -1161, 1695]
57: []
58: []
59: []
60: []
61: [178, 384, 604, 1314, 1309, -1314, -1309, 1315, 1309, -1315, 1303, -1309, -1303, 1309, 1303, -1309, -1303, 1309, -1309, 1316, 1309, -1316, -1309, 1314, 1310, -1314, 1303, -1310, 1300, -1303, -1300, 1303, 1299, -1303, -1299, 1302, -1302, 1307, 1303, -1307, 1297, -1303, -1297, 1303, 1299, -1303, -1299, 1302, -1302, 1309, 1302, -1309, 1297, -1302, -1297, 1300, 1297, -1300, -1297, 1303, 1297, -1303, -1297, 1300, 1298, -1300, 1293, -1298, -1293, 1298, 1296, -1298, -1296, 1297, 1293, -1297, 1291, -1293, -1291, 1293, -1293, 1295, 1293, -1295, 1291, -1293, -1291, 1293, 1290, -1293, -1290, 1292, -1292, 1293, -1293, 1293, 1291, -1293, -1291, 1293, -1293, 1293, 1291, -1293, -1291, 1293, 1290, -1293, -1290, 1292, -1292, 1293, 1291, -1293, -1291, 1292, 1889]
62: []
63: []
64: []
65: []
66: []
67: [1530, -1530, 1530, -1530, 1529, -1529, 1794, -1794, 1836]
68: [28]
69: [1340]
70: [6, 539, 1176, 1175, -1176, -1175, 1175, 1173, -1175, -1173, 1174, 1661, 1659, -1661, -1659, 1661, -1661, 1663, 1661, -1663]
71: []
72: [6]
73: []
74: [41, 1384]
75: []
76: [376, 1432, -1432]
77: []
78: [841, 840, -841, 1120, -1120, 1120, 1475, 1474, -1475]
79: []
80: []
81: [262, 1549, 1773]
82: [558, 557, -558, 731, -731, 1638, 1636, -1638, 1632, -1636]
83: [279, 635, 634, -635, -634, 635, 634, -635, -634, 635, 633, -635, -633, 635, 633, -635, -633, 634, -634, 634, -634, 633, -633, 758, 757, -758, -757, 758]
84: []
85: []
86: []
87: []
88: []
89: [18]
90: [892, 886, -892, 880, -886, -880, 885, 882, -885, 1069, 1320]
91: []
92: []
93: []
94: []
95: [1415, 1731]
96: [609, -609, 604, -604, 604, -604, 608]
97: []
98: [401]
99: []
100: [304, 585, 583, -585]
101: []
102: [30]
103: [8]
104: []
105: []
106: []
107: []
108: []
109: []
110: []
111: []
112: [1581, -1581]
113: []
114: [1317]
115: [861]
116: []
117: []
118: []
119: []
120: []
121: [1060, 1057, -1060, 1271, 1403, 1664, 1658, -1664, 1655, -1658, -1655, 1658, -1658, 1662, 1658, -1662, 1871]
122: []
123: []
124: []
125: []
126: []
127: [1735, 1731, -1735]
128: []
129: []
130: []
131: [496, -496, 499, -499]
132: [657, -657, 653, -653, 654, -654, 1021, 1011, -1021]
133: []
134: []
135: []
136: [808, -808, 812, 808, -812, 1051, -1051, 1051, -1051, 1050, -1050, 1051, -1051, 1051, -1051, 1064, 1215, 1213, -1215, -1213, 1214, -1214, 1215, -1215, 1217, 1367, -1367, 1411, 1812, -1812, 1827, 1814, -1827, 1805, -1814, -1805, 1813, 1803, -1813, -1803, 1812, -1812, 1827, 1812, -1827, -1812]
137: []
138: []
139: []
140: [15, 897]
141: []
142: []
143: [17]
144: []
145: [32]
146: [442, 439, -442, -439, 442, 440, -442]
147: [13]
148: []
149: [2]
150: [64]
151: []
152: []
153: []
154: []
155: [1016, -1016, 1017, 1224]
156: []
157: [317]
158: []
159: []
160: []
161: []
162: []
163: []
164: [6]
165: []
166: []
167: []
168: [1290, -1290, 1292, 1291, -1292, 1289, -1291, -1289, 1290, 1288, -1290, -1288, 1290, -1290, 1292, 1290, -1292, 1288, -1290, -1288, 1290, -1290, 1292, 1290, -1292, -1290, 1292, 1291, -1292, 1289, -1291, -1289, 1290, 1288, -1290, -1288, 1289, -1289, 1292, 1290, -1292, 1288, -1290, -1288, 1289, 1287, -1289, -1287, 1289, -1289, 1292, 1289, -1292, -1289, 1292, 1290, -1292, 1288, -1290, -1288, 1289, -1289, 1292, 1290, -1292, 1288, -1290, -1288, 1289, 1287, -1289, -1287, 1289, -1289, 1292, 1289, -1292, 1287, -1289, -1287, 1289, 1546, -1546, 1546, 1543, -1546, -1543, 1546]
169: []
170: []
171: []
172: []
173: []
174: []
175: []
176: []
177: []
178: []
179: []
180: []
181: []
182: []
183: []
184: []
185: []
186: []
187: []
188: []
189: []
190: [1430, -1430, 1430]
191: [1641, 1880]
192: []
193: [13]
194: []
195: []
196: []
197: [333, 331, -333, 1597]
198: [346, 542, 708, 1870]
199: []
200: [1199]
201: []
202: []
203: []
204: []
205: []
206: []
207: []
208: [33, 198]
209: []
210: [4]
211: [235, 523, 522, -523, 521, -522, -521, 522, -522, 523, 522, -523, -522, 523, 1003, 1283, 1523, 1520, -1523, 1516, -1520]
212: [338, 608, 605, -608, -605, 608, 776, 770, -776, 765, -770, 760, -765, -760, 765, -765, 770, 765, -770, -765, 770, 765, -770, 760, -765, -760, 765, 760, -765, -760, 765, -765, 770, 765, -770, 762, -765, -762, 765, 760, -765, -760, 765, -765, 770, 765, -770, -765, 770, -770, 775, 770, -775, 765, -770, 760, -765, -760, 765, -765, 770, 765, -770, -765, 771, 765, -771, -765, 1250]
213: []
214: []
215: [1773, -1773, 1778, -1778, 1778, 1773, -1778, 1769, -1773, -1769, 1769, -1769, 1771, 1767, -1771, 1766, -1767, -1766]
216: []
217: []
218: []
219: []
220: []
221: [20]
222: [642, 639, -642, -639, 642, 639, -642, 636, -639, -636, 638, -638, 642, 639, -642]
223: [416]
224: []
225: [10]
226: []
227: [1790, -1790]
228: [580, -580, 604, -604, 580]
229: []
230: []
231: [673, -673]
232: []
233: []
234: []
235: []
236: []
237: []
238: []
239: []
240: [587]
241: []
242: []
243: []
244: []
245: []
246: []
247: []
248: []
249: []
250: []
251: []
252: []
253: []
254: []
255: []
256: []
257: []
258: [9, 1183, 1179, -1183, -1179, 1179, 1177, -1179, 1445, 1440, -1445, -1440, 1445]
259: []
260: []
261: []
262: []
263: []
264: []
265: [1507, 1502, -1507]
266: [311]
267: []
268: [1341, 1557, -1557, 1557, -1557]
269: []
270: [6]
271: [17]
272: []
273: [9]
274: []
275: [11]
276: [12, 426, 425, -426, 1592]
277: [1810]
278: []
279: []
280: []
281: []
282: []
283: []
284: [1784]
285: []
286: [5]
287: []
288: []
289: []
290: [300]
291: [1663, 1658, -1663, 1655, -1658, -1655, 1656, 1655, -1656]
292: [29]
293: []
294: []
295: [508, 504, -508, -504, 508, 504, -508, -504, 508, 504, -508, 501, -504, -501, 504, 501, -504, -501, 504, -504, 508, 507, -508, 775, -775, 819, 1011, 1259, 1620, 1864]
296: [918, 917, -918, 1061, -1061, 1064, 1062, -1064, 1059, -1062, -1059, 1061, -1061, 1064, 1062, -1064, 1059, -1062, -1059, 1061]
297: []
298: [7]
299: []
300: [14, 308]
301: [24]
302: []
303: [214, 213, -214, 567]
304: []
305: []
306: []
307: []
308: []
309: []
310: []
311: []
312: []
313: []
314: [1653, 1646, -1653, -1646, 1646, 1808]
315: []
316: [1326]
317: [808, 801, -808, -801]
318: []
319: []
320: []
321: []
322: []
323: []
324: []
325: []
326: []
327: []
328: [634, 632, -634, -632, 634, 633, -634, -633, 634, 633, -634, -633, 634, 633, -634, -633, 634, 1118, -1118, 1118, -1118, 1120, 1446, -1446]
329: []
330: []
331: [637, -637, 641, -641, 650, 641, -650, -641, 650, 641, -650, -641, 650, 641, -650, 832, 1017, -1017, 1020]
332: []
333: []
334: []
335: []
336: []
337: [901, -901, 897, 1298]
338: []
339: []
340: []
341: []
342: []
343: []
344: []
345: []
346: [60, 364, -364]
347: []
348: []
349: [9]
350: []
351: []
352: [449, 444, -449, 442, -444, 625, -625, 625, -625, 625, -625, 625, 624, -625, -624, 625, -625, 662, 625, -662, -625, 662, 625, -662, -625, 662, 625, -662]
353: []
354: []
355: []
356: []
357: []
358: []
359: [9]
360: []
361: [15, 114, 1370, -1370, 1408]
362: [74]
363: []
364: [16]
365: []
366: []
367: []
368: [684, -684]
369: []
370: []
371: []
372: []
373: []
374: []
375: []
376: []
377: [9, 455]
378: []
379: []
380: []
381: [275]
382: [10]
383: []
384: []
385: [13]
386: []
387: [1238, -1238]
388: []
389: [961, 1105, 1232, 1230, -1232, 1229, -1230, -1229, 1230, -1230, 1232, 1230, -1232, -1230, 1232, 1230, -1232, -1230, 1232, 1231, -1232]
390: []
391: []
392: []
393: [25, 1664]
394: []
395: []
396: []
397: []
398: [979]
399: [476, -476, 478, 474, -478, 470, -474, -470, 1268, 1506, -1506, 1506, 1716]
400: []
401: []
402: []
403: [14]
404: []
405: []
406: []
407: []
408: []
409: []
410: [613, -613, 617, -617, 616, -616, 617, -617, 914, -914, 1074, -1074, 1073, -1073, 1073, -1073, 1076, 1490, 1489, -1490, 1750, 1749, -1750, -1749, 1752, -1752, 1754, 1753, -1754, 1751, -1753, -1751, 1806]
411: []
412: [1740, -1740, 1744, -1744, 1741]
413: []
414: [81, 305]
415: []
416: []
417: []
418: [551, 550, -551]
419: [1199, -1199, 1201, 1199, -1201, 1197, -1199, -1197, 1199, 1720]
420: [7]
421: [3, 398, -398, 391, -391]
422: [500, 1009, -1009, 1011, -1011, 1148]
423: []
424: []
425: [780, 779, -780, -779, 780, -780, 782, 780, -782, -780, 782, 781, -782, 778, -781, -778, 781, 1807, -1807]
426: [4]
427: [1748]
428: []
429: [629, 621, -629, -621, 621, -621, 621, -621, 619, -619, 619, -619, 619, -619, 1645, 1825]
430: []
431: []
432: []
433: [29]
434: []
435: []
436: []
437: []
438: [425]
439: []
440: []
441: []
442: []
443: []
444: []
445: []
446: []
447: [4]
448: [7]
449: []
450: []
451: [3, 299]
452: [625, 619, -625, -619, 624, 618, -624, -618, 624, -624, 624, -624, 624, -624, 631, -631, 631, -631, 633, 628, -633, -628, 633, 628, -633, -628, 627, -627, 627, -627, 627, -627, 628]
453: []
454: [10]
455: []
456: []
457: []
458: []
459: [16]
460: []
461: [1144, 1141, -1144, -1141]
462: []
463: []
464: []
465: []
466: []
467: [1432, -1432]
468: []
469: [330, 328, -330, 521, -521, 521, -521, 522, 520, -522, -520, 522]
470: []
471: [11]
472: [607, 606, -607, -606, 607, -607, 608, 607, -608, -607, 608, 961]
473: []
474: [10, 106]
475: []
476: [740, -740, 741, 1118, -1118, 1877]
477: [8]
478: [3]
479: []
480: []
481: []
482: [818, 1306]
483: []
484: []
485: []
486: []
487: [18]
488: [13]
489: []
490: []
491: []
492: []
493: []
494: []
495: []
496: []
497: []
498: [600, 597, -600, 596, -597, 595, -596, -595, 596, -596, 612, -612, 613]
499: [456, 625, -625, 665, -665, 671, -671, 669, -669, 664, -664, 669, -669, 669, -669, 669, -669, 669, -669, 669, -669, 669, -669, 669, -669, 664, -664, 794]
500: []
501: []
502: []
503: []
504: []
505: [14]
506: []
507: []
508: []
509: []
510: []
511: [533, 531, -533, -531, 532, -532, 535, 533, -535, -533, 535, 533, -535, -533, 535, 533, -535, -533, 535, 533, -535, 1334, 1800]
512: [591, -591, 785, 782, -785, -782, 785, -785, 788, 785, -788, -785, 789, 1252, -1252]
513: [924, 1110, 1653, 1646, -1653, 1639, -1646, -1639, 1646]
514: []
515: []
516: []
517: [717, 1719, 1883]
518: [365, 360, -365, 358, -360, -358, 575, 574, -575, 1503]
519: []
520: []
521: []
522: []
523: [1591, 1782, -1782, 1824, 1782, -1824, -1782, 1822, 1812, -1822, 1811, -1812, -1811, 1817]
524: []
525: []
526: []
527: []
528: [1245, 1586, -1586, 1593]
529: []
530: []
531: []
532: [594, 1931]
533: []
534: []
535: [448]
536: []
537: []
538: []
539: [12, 401, 775, 773, -775, 772, -773, 770, -772, -770, 772, 771, -772, -771, 772, -772, 774, 772, -774, -772, 775, 1032, -1032, 1033, 1032, -1033, -1032, 1033, 1032, -1033, 1574, 1572, -1574]
540: [785, 1055]
541: []
542: []
543: []
544: [9]
545: []
546: []
547: []
548: []
549: [1795, -1795]
550: [24, 217]
551: []
552: []
553: []
554: [734, 727, -734, -727, 732, 725, -732, -725, 732, 729, -732, -729, 735, 729, -735, -729, 1106, 1375, 1666]
555: []
556: [1225]
557: []
558: [1820]
559: [16]
560: [977, 975, -977]
561: [599, -599]
562: [5, 1278, 1277, -1278]
563: []
564: [364, 361, -364, -361, 362, 361, -362, -361, 368]
565: [12]
566: []
567: [409, -409, 417]
568: []
569: [8]
570: []
571: [342, 341, -342, -341, 342, 548, 786]
572: []
573: [1381]
574: [9, 619, -619, 1151, 1321, 1507, 1503, -1507, 1502, -1503, 1500, -1502, -1500, 1501, 1634, 1751, 1749, -1751, -1749, 1752, 1751, -1752, 1750, -1751, -1750, 1751, 1750, -1751, -1750, 1751, 1927]
575: []
576: []
577: []
578: []
579: [17]
580: [786, -786, 794, -794, 796, -796, 798, -798, 786, -786, 796, -796, 808, 784, -808]
581: [31]
582: []
583: []
584: []
585: []
586: [1263]
587: []
588: []
589: [27, 937]
590: []
591: []
592: []
593: []
594: []
595: [2]
596: [899, 1473]
597: []
598: []
599: [6]
600: []
601: [342, 338, -342, -338, 378, -378, 383, -383, 384, -384, 384]
602: []
603: []
604: []
605: []
606: [445]
607: [68]
608: []
609: [128, 284, 575]
610: []
611: []
612: [7]
613: []
614: [483, -483, 510, -510, 510, -510, 743, 924, -924, 929, 1153, -1153, 1154, -1154, 1155]
615: []
616: []
617: []
618: []
619: [2]
620: [1922]
621: []
622: [44, 188, 601, -601, 1334]
623: []
624: [6]
625: [15, 1144, 1140, -1144, 1136, -1140, -1136, 1139, 1137, -1139, -1137, 1139, -1139, 1718, 1883]
626: []
627: [895, -895, 1857]
628: []
629: [1659, 1652, -1659]
630: []
631: []
632: []
633: []
634: []
635: [11]
636: []
637: [461, -461]
638: []
639: []
640: []
641: [12]
642: [5]
643: [755, 752, -755, -752, 755, -755, 758, 755, -758, 754, -755, -754, 755, -755, 805, -805, 814, -814, 814, -814, 813, 807, -813, -807, 815, -815, 815, -815, 813, 805, -813, -805, 813, 808, -813, 801, -808, -801, 807, -807, 813, 805, -813, -805, 813, -813, 813, 804, -813, -804, 813, 807, -813, -807, 807, -807]
644: [1497, -1497, 1498]
645: [191]
646: []
647: [1063, 1448]
648: [18]
649: []
650: []
651: [1741, 1739, -1741, -1739, 1741, 1735, -1741, -1735, 1737, 1736, -1737, -1736, 1737]
652: []
653: []
654: [18]
655: []
656: []
657: []
658: [916]
659: [5]
660: [350, -350, 1904]
661: []
662: [752, -752]
663: [1332, 1660, 1658, -1660, -1658, 1660, -1660, 1663, 1661, -1663, -1661, 1662, 1661, -1662, 1658, -1661, -1658, 1661, 1659, -1661, -1659, 1661, 1659, -1661, 1926]
664: []
665: []
666: [359, 354, -359, -354, 355, -355]
667: [955, 1112, 1109, -1112, -1109, 1128]
668: []
669: []
670: []
671: []
672: [764, 756, -764, -756, 764, 756, -764, -756, 764, 756, -764, -756, 764, 756, -764, 748, -756, -748, 756, -756, 764, 756, -764, -756, 764, 756, -764, -756, 764, 756, -764, -756, 764, 756, -764, 751, -756, 743, -751, -743, 751, 743, -751, -743, 751, -751, 756, 751, -756, -751, 758, -758, 764, 758, -764, 753, -758, -753, 801, -801, 803, -803, 802, -802, 803, 797, -803, -797, 803, 798, -803, 793, -798, -793, 797, -797, 798, -798, 798, -798, 793, -793, 797, 792, -797, -792, 797, -797]
673: [1083, 1728]
674: []
675: [1534, 1856]
676: []
677: []
678: []
679: []
680: []
681: [1670, -1670]
682: []
683: []
684: []
685: []
686: []
687: [1705, -1705, 1755, -1755, 1756, -1756, 1755]
688: [9, 634, -634, 686, -686, 686, 635, -686, 634, -635, -634, 675, 634, -675, -634, 635, 634, -635, -634, 671, -671, 680, 635, -680, 634, -635, 1662, 1877]
689: []
690: [1817]
691: [1119, 1278, -1278, 1281, 1278, -1281, 1275, -1278, -1275, 1278, 1275, -1278, -1275, 1277, -1277, 1281, 1278, -1281, 1274, -1278, -1274, 1278, 1274, -1278, 1272, -1274, -1272, 1274, -1274, 1277, 1274, -1277, -1274, 1277, 1274, -1277, 1272, -1274, -1272, 1274, 1273, -1274]
692: []
693: []
694: []
695: []
696: []
697: [305]
698: [73, 841]
699: []
700: []
701: []
702: []
703: []
704: []
705: [258]
706: []
707: []
708: []
709: [21]
710: []
711: []
712: []
713: []
714: [59, 816, -816, 816, -816, 1324, 1516, 1513, -1516, -1513, 1516, 1737]
715: []
716: []
717: []
718: []
719: []
720: []
721: [13, 325, -325, 352, -352, 356]
722: []
723: []
724: [752, 744, -752, -744]
725: []
726: []
727: [4]
728: []
729: []
730: []
731: []
732: []
733: [1666, 1664, -1666, -1664]
734: []
735: []
736: []
737: []
738: [1922]
739: []
740: []
741: [7]
742: [353, -353, 354, 742, 1438, 1433, -1438, -1433, 1568]
743: []
744: [622, -622, 623, -623, 623, -623, 623, -623, 623, -623, 623, 931, 1271, 1621]
745: [330, 722, -722, 722, -722]
746: []
747: []
748: [8]
749: [359]
750: []
751: []
752: []
753: []
754: []
755: [16]
756: []
757: []
758: []
759: []
760: []
761: []
762: [357, 355, -357, 353, -355, -353, 355, 354, -355]
763: []
764: [30, 670, 808, -808, 808, -808, 808, -808, 828, 1037, 1257, 1741]
765: [10, 1875]
766: [3, 1934]
767: [564]
768: [8]
769: [1118, 1115, -1118, -1115, 1117]
770: []
771: []
772: [369, 368, -369, -368, 368, -368, 369, 368, -369, 1744, 1891]
773: []
774: []
775: []
776: []
777: []
778: []
779: []
780: []
781: []
782: []
783: []
784: []
785: [72]
786: [1880]
787: []
788: [1442, -1442, 1438, 1704, -1704]
789: []
790: []
791: []
792: []
793: []
794: [6]
795: []
796: []
797: []
798: []
799: []
800: []
801: []
802: [349, 593, 1726, -1726]
803: []
804: []
805: []
806: [10]
807: []
808: []
809: []
810: []
811: []
812: [1364, 1572, 1918]
813: [16, 359, 358, -359, -358, 397]
814: []
815: []
816: []
817: []
818: []
819: []
820: []
821: []
822: []
823: []
824: []
825: [13]
826: []
827: [1303]
828: []
829: []
830: []
831: []
832: []
833: []
834: [1123, 1120, -1123, -1120]
835: []
836: [12]
837: [1472]
838: []
839: []
840: []
841: []
842: []
843: [1505]
844: []
845: []
846: []
847: [1529]
848: []
849: []
850: []
851: []
852: []
853: []
854: [15]
855: []
856: []
857: []
858: []
859: []
860: []
861: []
862: []
863: []
864: []
865: [11]
866: []
867: [963, 1389, 1388, -1389, 1633, 1627, -1633]
868: []
869: []
870: []
871: [1406]
872: []
873: []
874: []
875: []
876: []
877: [522]
878: []
879: []
880: []
881: []
882: []
883: []
884: []
885: []
886: []
887: [717, -717, 721, -721, 729, 962, 1408, -1408, 1408]
888: [1367, -1367, 1414]
889: []
890: []
891: [335, 654, -654, 654]
892: []
893: []
894: []
895: [1075]
896: []
897: []
898: []
899: []
900: []
901: []
902: []
903: [974, 1326, 1663, -1663, 1666, 1661, -1666, 1656, -1661, -1656, 1660, 1657, -1660, -1657, 1660, -1660, 1661, 1660, -1661, -1660, 1661, 1660, -1661, -1660, 1661, 1848]
904: [17]
905: []
906: [306]
907: [623, 622, -623, 620, -622, -620, 621, -621, 623, 622, -623, 617, -622, -617, 618, -618, 623, 622, -623, 620, -622, -620, 622, 620, -622, -620, 621, 620, -621, -620, 621, -621, 621, -621, 621, 620, -621, -620, 621, 1136, -1136, 1138, 1133, -1138, 1129, -1133, -1129, 1132, -1132, 1132, -1132, 1221]
908: [832, 1098, 1095, -1098]
909: []
910: [14]
911: []
912: [5, 1313]
913: [638, 637, -638, -637, 638, 637, -638, 912, 1598]
914: []
915: []
916: []
917: [103, 339, 482, -482, 480, 476, -480, 474, -476, 472, -474, 470, -472, 469, -470, -469, 494, 875, 1024, 1023, -1024, 1022, -1023, -1022, 1023, 1022, -1023, -1022, 1023, 1202, 1424, 1423, -1424, -1423, 1424, 1423, -1424, 1630, -1630, 1649, 1627, -1649, 1844]
918: [381, -381, 427]
919: []
920: []
921: []
922: []
923: []
924: []
925: []
926: []
927: []
928: []
929: [161]
930: []
931: []
932: []
933: []
934: []
935: [26]
936: []
937: []
938: []
939: []
940: [784, 780, -784, -780, 784, -784, 788, 784, -788, 1109, 1323, 1519, -1519]
941: []
942: [1410, -1410, 1410]
943: [1601, 1966]
944: []
945: []
946: []
947: [107, 740, 1067]
948: []
949: []
950: []
951: [7]
952: []
953: [1181, 1661, 1660, -1661, 1657, -1660, -1657, 1659, -1659, 1663, 1660, -1663, 1659, -1660]
954: [1677]
955: []
956: []
957: []
958: [1814, 1813, -1814]
959: [16, 365, -365, 368, -368, 370]
960: []
961: []
962: [1378, 1372, -1378, 1369, -1372, -1369, 1731, 1729, -1731, 1728, -1729, 1873]
963: []
964: []
965: []
966: []
967: [713, 707, -713, 705, -707, -705, 707, -707, 772, -772]
968: []
969: [578]
970: [476]
971: []
972: [17]
973: []
974: [2]
975: []
976: []
977: []
978: []
979: []
980: []
981: []
982: []
983: []
984: [12]
985: []
986: [1475]
987: []
988: [560, 1228, 1219, -1228, 1210, -1219]
989: []
990: []
991: [363, -363, 382, -382]
992: []
993: []
994: []
995: []
996: []
997: []
998: []
999: [104]
1000: []
1001: []
1002: []
1003: []
1004: []
1005: []
1006: [745, -745, 747, -747, 750]
1007: [336, 334, -336]
1008: []
1009: [10]
1010: []
1011: []
1012: []
1013: []
1014: [399, 396, -399, -396, 399, -399, 400, 399, -400, -399, 400]
1015: []
1016: [274, 481]
1017: []
1018: [255]
1019: []
1020: [956]
1021: []
1022: []
1023: [11]
1024: []
1025: [62, 313]
1026: []
1027: [1893]
1028: [2]
1029: [198, 466, -466]
1030: []
1031: [444]
1032: []
1033: [8, 206, 1654, -1654, 1654, -1654, 1654, -1654, 1897]
1034: []
1035: []
1036: []
1037: []
1038: []
1039: []
1040: []
1041: []
1042: []
1043: []
1044: []
1045: []
1046: []
1047: []
1048: []
1049: [7]
1050: []
1051: []
1052: []
1053: []
1054: []
1055: []
1056: []
1057: [346, -346]
1058: [31]
1059: []
1060: []
1061: []
1062: []
1063: []
1064: [67]
1065: []
1066: []
1067: [11]
1068: []
1069: []
1070: []
1071: [1040]
1072: []
1073: [1258, 1250, -1258, 1246, -1250, 1240, -1246, -1240, 1246, -1246, 1297]
1074: []
1075: []
1076: []
1077: [6, 1830, 1828, -1830, 1826, -1828, -1826, 1828, -1828, 1831, 1829, -1831]
1078: [525]
1079: []
1080: [623, -623, 623, -623, 665, -665, 653, -653, 645, -645, 623, -623, 623, -623, 650, -650, 623]
1081: [24]
1082: []
1083: [8]
1084: [20, 627, -627, 627, -627, 631, 609, -631, -609, 627, 626, -627, -626, 627, 626, -627, -626, 627, -627, 627, -627, 632, 628, -632, 802, 1650]
1085: []
1086: [495]
1087: []
1088: []
1089: []
1090: []
1091: []
1092: []
1093: []
1094: []
1095: []
1096: []
1097: [10]
1098: []
1099: []
1100: []
1101: [13, 501, 713, -713, 1431, 1627, 1624, -1627, -1624, 1626, 1850]
1102: []
1103: [20]
1104: [4, 1247, -1247, 1303, 1302, -1303, -1302, 1303, 1302, -1303, 1301, -1302, -1301, 1303, 1302, -1303, -1302, 1303, 1302, -1303, 1301, -1302, -1301, 1302, 1301, -1302, -1301, 1303, 1302, -1303, 1300, -1302, -1300, 1301, -1301, 1303, 1302, -1303, -1302, 1303, 1302, -1303, -1302, 1303, 1302, -1303, 1301, -1302, -1301, 1303, 1302, -1303, -1302, 1303, 1302, -1303, 1301, -1302, -1301, 1303, 1302, -1303, 1300, -1302, -1300, 1301, -1301, 1303, 1302, -1303, -1302, 1303, 1302, -1303, 1301, -1302, -1301, 1303, 1302, -1303]
1105: []
1106: [428, 1469]
1107: []
1108: []
1109: []
1110: []
1111: []
1112: []
1113: []
1114: [557, 752, -752, 793, 752, -793, 751, -752]
1115: []
1116: []
1117: []
1118: []
1119: []
1120: []
1121: []
1122: [9]
1123: []
1124: []
1125: [2]
1126: [4]
1127: [362, -362, 413, 1809]
1128: []
1129: []
1130: [119, 317]
1131: []
1132: [9, 1001, 991, -1001]
1133: [1487]
1134: []
1135: []
1136: [11]
1137: []
1138: []
1139: []
1140: []
1141: []
1142: []
1143: []
1144: [396, 390, -396, -390, 396, -396, 396]
1145: []
1146: []
1147: []
1148: []
1149: []
1150: []
1151: []
1152: []
1153: []
1154: []
1155: []
1156: []
1157: []
1158: [607, 606, -607, 603, -606, 878, 1664, 1662, -1664, -1662, 1663, 1659, -1663, -1659, 1661, -1661, 1663, 1659, -1663, -1659, 1662, 1826, 1823, -1826, -1823]
1159: []
1160: []
1161: []
1162: []
1163: [22]
1164: []
1165: []
1166: [1337, -1337]
1167: []
1168: [965]
1169: []
1170: []
1171: [599, -599, 612, -612]
1172: []
1173: [83, 377, -377, 380, 1022, -1022, 1023, 1022, -1023, 1299, -1299, 1332]
1174: [5]
1175: []
1176: []
1177: []
1178: [12, 1131]
1179: []
1180: []
1181: []
1182: []
1183: []
1184: []
1185: [1030, -1030, 1032, 1031, -1032, 1030, -1031, -1030, 1032, 1031, -1032, 1435, 1433, -1435, 1432, -1433, -1432, 1433, -1433, 1435, 1433, -1435, -1433]
1186: []
1187: []
1188: [13]
1189: []
1190: []
1191: [1825, 1824, -1825, -1824, 1825, -1825, 1826, 1825, -1826]
1192: []
1193: []
1194: []
1195: []
1196: []
1197: [1384, 1382, -1384, -1382, 1496, 1493, -1496]
1198: []
1199: [1477]
1200: []
1201: [12]
1202: []
1203: []
1204: [906, 905, -906, -905, 906]
1205: []
1206: [1812, 1811, -1812, -1811, 1812, 1807, -1812, -1807, 1811]
1207: []
1208: []
1209: []
1210: [223, 397, 395, -397, -395, 397, -397, 398, 396, -398, -396, 398, 552, 692, -692, 701, 666, -701, -666, 699, -699, 701, -701, 710, 703, -710, 669, -703, -669, 702, -702, 703, 695, -703, -695, 701, 693, -701, -693, 701, 695, -701, -695, 703, 695, -703, -695, 701, 693, -701, -693, 701, 695, -701, -695, 703, 695, -703, 667, -695, -667, 695, -695, 695, 688, -695, -688, 693, 685, -693, -685, 693, -693, 701, 693, -701, 685, -693, -685, 693, 664, -693, -664, 692, -692, 693, -693, 701, 693, -701, -693, 701, 693, -701, -693, 701, 693, -701, -693, 701, 693, -701, 858, 1667, 1835]
1211: [722, -722, 723, 1143, -1143, 1205, 1199, -1205, 1195, -1199, -1195, 1199, -1199, 1205, 1199, -1205, 1194, -1199, -1194, 1198, -1198, 1251, 1515, -1515, 1636, -1636, 1627, -1627]
1212: []
1213: []
1214: [1578, 1573, -1578]
1215: []
1216: []
1217: []
1218: []
1219: []
1220: [5]
1221: [5]
1222: [3]
1223: []
1224: []
1225: []
1226: []
1227: []
1228: []
1229: []
1230: []
1231: []
1232: []
1233: [720, -720, 720, -720, 726, -726]
1234: []
1235: [622, -622, 623, -623]
1236: []
1237: []
1238: []
1239: [1110, 1287]
1240: [444, -444, 581, 773, -773, 777, 1028, -1028, 1028, -1028, 1032]
1241: []
1242: [8]
1243: [640, 636, -640, -636, 640, 636, -640, -636, 640, 638, -640, -638, 639, -639, 642, 640, -642, -640, 640, 638, -640, -638, 639, -639, 642, 640, -642, -640, 642, 638, -642, 633, -638, -633, 638, -638, 642, 638, -642, -638, 640, -640, 642, -642, 973, -973]
1244: [1118, -1118, 1185, 1538, 1751, 1749, -1751, -1749, 1751, 1749, -1751, -1749, 1751]
1245: []
1246: [944]
1247: []
1248: [7]
1249: [484]
1250: []
1251: []
1252: []
1253: [10]
1254: []
1255: []
1256: []
1257: [1873]
1258: [488, 1197]
1259: [14]
1260: []
1261: []
1262: []
1263: [1117, 1411, 1407, -1411, 1662]
1264: [9]
1265: [6]
1266: [16]
1267: []
1268: []
1269: []
1270: []
1271: []
1272: []
1273: []
1274: [351, 596, 1068, 1525, -1525, 1527, 1520, -1527, -1520, 1514, -1514, 1548, 1869]
1275: [1833, 1832, -1833, -1832, 1833, 1832, -1833, -1832, 1833]
1276: [380, -380, 451]
1277: [1525, 1520, -1525, -1520, 1522, 1520, -1522, 1516, -1520, 1515, -1516]
1278: []
1279: []
1280: []
1281: [41]
1282: []
1283: []
1284: []
1285: [5]
1286: []
1287: []
1288: [1307, -1307, 1543]
1289: []
1290: [1249, 1246, -1249, -1246, 1248, -1248, 1251, 1249, -1251, -1249, 1251, 1249, -1251, 1246, -1249, -1246, 1249, -1249, 1251, 1249, -1251, 1246, -1249, -1246, 1249, 1246, -1249, -1246, 1248, -1248, 1251, 1249, -1251, 1582, 1579, -1582, -1579, 1582, 1579, -1582]
1291: [11]
1292: [395, -395, 481]
1293: [61]
1294: [390, -390, 392, 390, -392, 630, -630, 631, 630, -631, -630, 631, -631, 632, 631, -632, -631, 632, 631, -632, -631, 632, 631, -632, -631, 632, 631, -632, 910]
1295: []
1296: []
1297: []
1298: [2]
1299: []
1300: [603, 1137, 1429]
1301: []
1302: []
1303: [26]
1304: []
1305: [12]
1306: [514, 667, -667, 674, 673, -674, -673, 674]
1307: []
1308: []
1309: []
1310: []
1311: [508, -508, 1109]
1312: []
1313: []
1314: [26]
1315: [926, -926, 1372]
1316: [15, 763, -763, 769, 766, -769, 764, -766, -764, 765, -765, 769]
1317: [8]
1318: [482, -482, 542]
1319: [3]
1320: []
1321: []
1322: []
1323: []
1324: []
1325: []
1326: [9]
1327: []
1328: []
1329: []
1330: []
1331: []
1332: [5]
1333: []
1334: []
1335: [230]
1336: [1812]
1337: [46]
1338: []
1339: [136]
1340: []
1341: [1790]
1342: [860]
1343: [11]
1344: []
1345: []
1346: [635, -635, 635, -635]
1347: []
1348: [560]
1349: []
1350: [807, 800, -807, 793, -800, -793, 800, -800, 807, 800, -807, 793, -800, 786, -793, 780, -786, -780, 786, -786, 792, 786, -792, 780, -786, -780, 786, -786, 792, 786, -792, 780, -786, -780, 786, -786]
1351: [1079]
1352: []
1353: [22]
1354: []
1355: [342, 565, 788, 781, -788, 776, -781, -776, 781]
1356: []
1357: []
1358: []
1359: []
1360: [312, 569, 904, 896, -904, -896, 904, 1437, -1437, 1443, 1434, -1443, -1434, 1444, 1675, 1900]
1361: []
1362: [747, 742, -747, 1033]
1363: []
1364: []
1365: []
1366: [9]
1367: [1061, 1646, -1646, 1647, 1644, -1647, -1644, 1647, 1891]
1368: [1248, -1248, 1367, 1782, -1782, 1787, 1785, -1787, 1781, -1785, -1781, 1782]
1369: []
1370: [1109]
1371: []
1372: []
1373: [273, 687, -687, 891]
1374: []
1375: []
1376: []
1377: []
1378: [211]
1379: []
1380: []
1381: [657, -657, 657, 654, -657, -654, 657, -657, 657]
1382: [20]
1383: [959, 1185, -1185, 1185, -1185, 1722]
1384: []
1385: []
1386: []
1387: []
1388: [1966]
1389: []
1390: []
1391: [1465]
1392: []
1393: [9, 633, -633, 641, -641, 641, -641, 641, -641]
1394: [8]
1395: [1528, -1528, 1759, 1757, -1759, -1757, 1800, -1800, 1801]
1396: []
1397: [4]
1398: []
1399: []
1400: []
1401: []
1402: []
1403: []
1404: [3]
1405: []
1406: []
1407: []
1408: [624, -624, 644, 643, -644, -643, 644, -644, 644, -644, 643, -643, 644, -644, 644, -644, 863, -863, 1063, -1063, 1063, -1063, 1345, 1573, -1573, 1597, 1842]
1409: [220]
1410: []
1411: []
1412: []
1413: [1760, 1759, -1760, -1759, 1760, 1759, -1760, -1759, 1760]
1414: []
1415: []
1416: []
1417: []
1418: []
1419: []
1420: []
1421: []
1422: []
1423: []
1424: [1763, 1756, -1763, 1753, -1756, -1753, 1771, 1753, -1771]
1425: []
1426: []
1427: [2, 414, 551, 665, 791, 788, -791, 787, -788, -787, 788, 787, -788, -787, 788, 787, -788, 785, -787, -785, 787, 950, 949, -950, 1262, -1262, 1264, 1836, -1836, 1837, 1836, -1837, 1835, -1836, -1835, 1836, -1836, 1837, 1836, -1837, -1836, 1837, 1836, -1837, -1836, 1837, 1836, -1837]
1428: []
1429: [15]
1430: [1180, -1180]
1431: []
1432: [671, -671, 677, 675, -677, -675, 681, -681, 670, -670, 670, -670, 677, 675, -677, 670, -675, -670, 675, -675, 675, -675, 680, 675, -680, -675, 670, -670, 670, -670, 670, -670]
1433: []
1434: []
1435: []
1436: []
1437: [14]
1438: [20]
1439: []
1440: []
1441: []
1442: []
1443: [609, -609, 655, 1114, 1669, 1668, -1669, -1668, 1669, 1668, -1669, -1668, 1669, -1669, 1669, 1668, -1669, -1668, 1669, 1668, -1669, -1668, 1669, 1668, -1669, -1668, 1669, 1668, -1669, -1668, 1669]
1444: []
1445: []
1446: []
1447: []
1448: []
1449: [1440, -1440, 1439, -1439, 1440]
1450: []
1451: []
1452: []
1453: [21]
1454: []
1455: [1209, 1208, -1209, 1207, -1208, -1207, 1208, -1208, 1209, 1208, -1209]
1456: []
1457: []
1458: [12, 323, 322, -323, -322, 326, 557, 554, -557, 984, 1132, 1256, 1462, 1677, 1815]
1459: []
1460: [5]
1461: []
1462: []
1463: []
1464: []
1465: [610, -610]
1466: [608, 605, -608, -605, 608, 734, 733, -734, -733, 734, -734, 778, -778, 780, -780, 780, -780, 775, -775, 775, -775, 777, 776, -777, 775, -776, 774, -775, -774, 775, -775, 777, 775, -777, 774, -775, -774, 775, -775, 777, 775, -777, -775, 777, 776, -777, 775, -776, 774, -775, -774, 775, -775, 777, 775, -777, 774, -775, -774, 775, -775]
1467: [630, -630, 641, -641, 643, -643, 643, -643, 644]
1468: []
1469: [24]
1470: []
1471: []
1472: [1590]
1473: [18]
1474: [656, -656, 656, -656, 656, -656, 712, 993, -993, 1140]
1475: []
1476: []
1477: [1665, -1665, 1666, -1666, 1672, 1912]
1478: []
1479: []
1480: []
1481: []
1482: []
1483: [10]
1484: [1139, 1137, -1139, 1134, -1137, -1134, 1136, -1136, 1140, -1140, 1143, 1140, -1143]
1485: [8]
1486: []
1487: []
1488: [1472, -1472, 1824]
1489: []
1490: []
1491: []
1492: []
1493: []
1494: [5]
1495: []
1496: []
1497: []
1498: [315]
1499: []
1500: [1011, -1011, 1048, 1045, -1048]
1501: []
1502: []
1503: []
1504: []
1505: []
1506: []
1507: []
1508: [5]
1509: [329]
1510: []
1511: []
1512: []
1513: []
1514: []
1515: []
1516: []
1517: []
1518: [292]
1519: [6]
1520: []
1521: [30, 1011, -1011, 1407, 1402, -1407, 1398, -1402, -1398, 1404, 1402, -1404, -1402, 1406, 1819, -1819, 1819, -1819, 1819, -1819, 1819, -1819]
1522: []
1523: [38, 361, -361, 361]
1524: [1284, 1434, -1434]
1525: [1068]
1526: []
1527: []
1528: [512, 511, -512, -511, 512, -512, 618, -618, 678, -678, 678, -678, 1658, -1658, 1662, -1662, 1664, 1662, -1664, 1806, -1806, 1806, -1806, 1809]
1529: [13, 430, 859, 1289, 1284, -1289, -1284]
1530: [979]
1531: [5]
1532: [18]
1533: [1739]
1534: []
1535: []
1536: []
1537: []
1538: []
1539: [405, 404, -405, 403, -404, 402, -403, -402, 403, -403, 404, -404, 405, 403, -405, 402, -403, -402, 403]
1540: []
1541: [435, 618, 617, -618, 1065, -1065, 1173, 1781, -1781, 1820, -1820, 1820, -1820, 1820, -1820, 1820, -1820, 1820, -1820, 1820, -1820, 1820, -1820, 1820]
1542: []
1543: []
1544: []
1545: []
1546: [24]
1547: []
1548: []
1549: [19]
1550: []
1551: [2, 85, 420, 1064, 1063, -1064, -1063, 1064, 1063, -1064, -1063, 1064, 1063, -1064, -1063, 1064, 1063, -1064, -1063, 1064, 1063, -1064, -1063, 1064, 1249, -1249, 1250, 1249, -1250, 1806, -1806, 1805, -1805, 1806, -1806, 1834, 1833, -1834, -1833, 1834, -1834, 1835, 1834, -1835, 1833, -1834, -1833, 1834, -1834, 1834, -1834, 1835, 1833, -1835, -1833, 1834, -1834, 1835]
1552: [21]
1553: []
1554: []
1555: []
1556: [628, -628, 674, 667, -674, -667, 668, -668, 677, 674, -677, 667, -674, -667, 668, -668, 668, 662, -668, -662, 665, -665, 673, 668, -673, -668, 677, 674, -677, -674, 673, -673, 668, -668, 668, -668, 665, -665]
1557: []
1558: [13]
1559: [8]
1560: []
1561: []
1562: []
1563: []
1564: []
1565: []
1566: []
1567: [358, -358, 359]
1568: []
1569: []
1570: [1491]
1571: []
1572: []
1573: [805]
1574: []
1575: []
1576: [1224, -1224, 1229, 1226, -1229, 1740, -1740, 1742, -1742, 1747, 1744, -1747]
1577: []
1578: []
1579: []
1580: []
1581: []
1582: []
1583: [6, 1024, 1289]
1584: [19]
1585: []
1586: []
1587: []
1588: [2, 631, 630, -631, -630, 631, -631, 1553, 1756, -1756, 1762, -1762, 1763, -1763, 1761, -1761]
1589: [1409]
1590: [1242]
1591: []
1592: []
1593: [1530]
1594: []
1595: []
1596: []
1597: [65]
1598: []
1599: []
1600: [13]
1601: [171, 1304, -1304, 1307, 1305, -1307, 1303, -1305, -1303, 1304, 1302, -1304, -1302, 1304, -1304, 1307, 1304, -1307, 1302, -1304, -1302, 1304, -1304, 1307, 1304, -1307, -1304, 1307, 1305, -1307, 1303, -1305, -1303, 1304, -1304, 1307, 1305, -1307, 1303, -1305, -1303, 1304, 1302, -1304, -1302, 1304, -1304, 1307, 1304, -1307, -1304, 1307, 1305, -1307, 1303, -1305, -1303, 1304, 1302, -1304, -1302, 1304, -1304, 1307, 1304, -1307, 1302, -1304, -1302, 1304, -1304, 1307, 1304, -1307, -1304, 1307, 1305, -1307, 1303, -1305, -1303, 1304, 1302, -1304, -1302, 1304, -1304, 1307, 1304, -1307]
1602: []
1603: []
1604: [3]
1605: [223, 222, -223, -222, 223, -223, 461, -461, 463, 1778, -1778, 1778, 1773, -1778, -1773, 1773, 1903]
1606: []
1607: []
1608: [1085, 1312, 1307, -1312, -1307, 1312, 1308, -1312, 1304, -1308, -1304, 1307, 1303, -1307, -1303, 1307, -1307, 1312, 1307, -1312, 1303, -1307, -1303, 1307, -1307, 1312, 1307, -1312, -1307, 1312, 1308, -1312, 1304, -1308, -1304, 1307, 1301, -1307, 1298, -1301, -1298, 1301, -1301, 1362, -1362, 1477, -1477]
1609: []
1610: [843, 1359]
1611: [1029, 1028, -1029, -1028, 1029]
1612: []
1613: []
1614: [421, 623, -623, 623, -623, 622, -622, 630, -630, 623, -623, 662, -662, 623, -623, 623, -623, 623]
1615: []
1616: []
1617: [298]
1618: [314, 313, -314, 1186]
1619: []
1620: []
1621: []
1622: []
1623: [425, 423, -425, 638, -638, 641, 638, -641, -638, 639, 638, -639, -638, 639, 638, -639, -638, 639, 638, -639, 809, 933, 1142, 1360, -1360, 1403, -1403, 1722, -1722, 1724]
1624: []
1625: []
1626: [4]
1627: [350, 852, 849, -852, 1597, 1785, 1941]
1628: [21]
1629: [32, 364, 755, 754, -755, -754, 755, 1877]
1630: [389, -389, 1654, -1654]
1631: [1141, 1138, -1141, -1138, 1141, -1141, 1144]
1632: [939]
1633: []
1634: [1167, 1162, -1167, -1162]
1635: [124, 321, -321, 342, -342, 345]
1636: []
1637: []
1638: []
1639: [528, 701, 926]
1640: [88, 316]
1641: [184, 378, -378, 1393, 1678, -1678, 1682, 1678, -1682, 1676, -1678, -1676, 1678]
1642: []
1643: []
1644: []
1645: [9, 1966]
1646: []
1647: []
1648: [28]
1649: [143]
1650: []
1651: []
1652: [1476]
1653: [1402]
1654: [347, 343, -347, 342, -343, -342, 343, -343, 356, 343, -356, 598, -598, 642, -642, 634, 626, -634, -626, 633, -633, 634, 626, -634, 618, -626, 598, -618, 770, 768, -770, -768, 770, -770, 773, 769, -773, 911, -911, 912, 907, -912, 1070, 1568]
1655: []
1656: [9]
1657: [265, -265, 321, 320, -321, 1678]
1658: [57]
1659: [26]
1660: []
1661: [675, 909, 1123]
1662: []
1663: []
1664: []
1665: []
1666: [275, 492, -492, 493, 750, -750, 750, 749, -750, 1428, -1428, 1547]
1667: [1761]
1668: [345, -345, 1301, -1301, 1554, 1818]
1669: []
1670: [17, 365, 360, -365, 358, -360, -358, 815, -815, 815, -815]
1671: [29, 572, 713, 959, 957, -959, -957, 988, 1540, 1535, -1540, 1532, -1535, 1531, -1532, -1531, 1532, 1530, -1532, -1530, 1532, 1797, 1795, -1797, -1795, 1797, 1796, -1797, 1795, -1796, -1795, 1796, 1794, -1796, -1794, 1795, -1795, 1797, 1795, -1797]
1672: []
1673: [1521, 1514, -1521, 1508, -1514, 1505, -1508]
1674: [12]
1675: [1184, 1319, -1319, 1331, 1519, 1859]
1676: [234]
1677: []
1678: []
1679: [539, 1493, 1777]
1680: [356, -356, 378, 376, -378, -376, 378, 377, -378, 725, -725, 725, -725, 725, -725, 725, -725, 725, -725, 725, -725, 725, -725]
1681: [1532, -1532, 1532, -1532]
1682: []
1683: [279, 454, 1403, -1403, 1403, -1403]
1684: []
1685: []
1686: [495, 758, 756, -758, 1348, -1348, 1349]
1687: [32, 231, 567, 755, -755, 756, -756, 755, 754, -755]
1688: [20, 1215, 1477, 1476, -1477, 1475, -1476, -1475, 1497, 1496, -1497, -1496, 1497]
1689: []
1690: [5, 620, -620, 1659, -1659, 1661, 1660, -1661, -1660, 1661, 1660, -1661, 1944]
1691: [741, -741, 746, 739, -746, -739, 795, 789, -795, -789, 795, 789, -795, -789, 795, 788, -795, -788, 794, -794, 795, 789, -795, -789, 795, 789, -795, -789, 794, -794, 795]
1692: [646, -646, 649, -649, 650, 646, -650, 644, -646, -644, 646, -646, 650, 646, -650]
1693: [1387, -1387]
1694: []
1695: []
1696: [812, 1012]
1697: [922, 921, -922]
1698: [100, 1860]
1699: [928, 1231, 1806, -1806, 1806, -1806]
1700: [16, 960]
1701: [26]
1702: [418, 677, 809, 972, 1239, 1237, -1239, 1504, 1501, -1504]
1703: []
1704: []
1705: []
1706: [49]
1707: [431]
1708: [572, 845]
1709: [316, 664, 832, 978, 1093, 1092, -1093, 1249, 1247, -1249, -1247, 1249, -1249, 1249, -1249, 1250, 1248, -1250, -1248, 1249, -1249, 1250, 1248, -1250, -1248, 1249, 1247, -1249, -1247, 1249, -1249, 1249, 1375, 1372, -1375, 1694]
1710: [1344, 1511, 1749, -1749, 1752, 1749, -1752, 1747, -1749, -1747, 1749, -1749, 1752, 1749, -1752]
1711: [1686, -1686, 1686, 1683, -1686, -1683, 1686, 1684, -1686, -1684, 1686]
1712: []
1713: [402, 396, -402, -396, 402, -402, 403, -403, 403, -403, 403, -403, 714, 1336, 1501, 1497, -1501, 1495, -1497]
1714: [120, 503, 843, 1082, 1322, 1650, -1650]
1715: [667, -667, 667, -667, 667, 664, -667, -664, 667, 664, -667, 660, -664, -660, 664, -664, 737, 979, 1155, 1321, 1446, 1445, -1446, -1445, 1447, -1447, 1447, -1447, 1447, 1446, -1447, -1446, 1447, -1447, 1445, 1607, 1605, -1607, 1728]
1716: []
1717: [17]
1718: []
1719: [39]
1720: [256, -256, 315, 563, 1229]
1721: [13]
1722: [140, 331, -331, 356, 354, -356, 542, 1538, 1760, 1757, -1760, -1757, 1759]
1723: []
1724: []
1725: []
1726: []
1727: [1334]
1728: []
1729: [921, 918, -921, 1035, 1149, -1149, 1185, 1317, 1313, -1317, 1310, -1313, -1310, 1316, 1310, -1316, -1310, 1310, -1310, 1316, -1316, 1310, -1310, 1310, -1310, 1316, 1310, -1316, -1310, 1316, -1316, 1310, -1310, 1316, -1316, 1310, -1310, 1310, -1310, 1316, -1316, 1310, -1310, 1310, -1310, 1316, 1310, -1316, -1310, 1316, 1310, -1316, -1310, 1316, -1316, 1310, -1310, 1310, -1310, 1316, 1310, -1316, -1310, 1316, -1316, 1310, -1310, 1310, -1310, 1316, -1316, 1310, -1310, 1310, -1310, 1316, 1310, -1316, -1310, 1316, -1316, 1310, -1310, 1310, -1310, 1316, 1464, 1616, -1616, 1648, -1648, 1651, 1639, -1651, 1632, -1639, 1627, -1632, -1627, 1632, 1774, -1774, 1776, -1776, 1777, 1775, -1777, -1775, 1776, -1776, 1781, -1781, 1848]
1730: [370, 549, 723, -723, 724, -724, 726, 864, 1039, 1151, 1148, -1151, -1148, 1148, 1453, -1453, 1453, -1453, 1455, 1654, -1654, 1650, -1650, 1650, 1646, -1650, -1646, 1650, 1641, -1650, -1641, 1646, 1642, -1646]
1731: [222, 464]
1732: [1436, 1664, 1819, 1933]
1733: [810, 809, -810, -809, 810, 809, -810, -809, 810, 806, -810, 803, -806]
1734: [1524, -1524, 1523, -1523, 1523, -1523, 1523, -1523, 1523, -1523, 1554]
1735: []
1736: [1554, 1762, -1762, 1762, -1762, 1762, -1762, 1764]
1737: [591, -591]
1738: [20, 155, 1131, -1131, 1679, -1679, 1682, 1679, -1682, 1677, -1679, -1677, 1679]
1739: [356, 1074, 1231, 1227, -1231, 1577, -1577, 1661]
1740: [111]
1741: [24, 249, 562, 1514, 1513, -1514, 1512, -1513, -1512, 1513, 1511, -1513, -1511, 1513, -1513, 1515, 1513, -1515, 1867]
1742: []
1743: [315, 727, 1635, 1631, -1635, -1631, 1656]
1744: [1029]
1745: [615, -615, 616, -616, 651, -651, 651, -651, 651, -651, 651, -651, 651, -651]
1746: []
1747: [766, 765, -766, -765, 766, -766, 767, -767]
1748: [297, 603, 599, -603, 1131, 1311, -1311, 1312, -1312, 1309, -1309, 1311, -1311, 1311, -1311, 1308, -1308, 1311, -1311, 1311, -1311, 1308, -1308, 1312, -1312, 1308, -1308, 1311, -1311, 1308, -1308, 1311, -1311, 1311, -1311, 1308, -1308, 1311, -1311, 1311, -1311, 1311, -1311, 1311, -1311, 1308, -1308, 1308, -1308, 1311, -1311, 1311, -1311, 1311, -1311, 1311, -1311, 1308, -1308, 1311, -1311, 1311, -1311, 1311, -1311, 1311, -1311, 1311, -1311, 1311, -1311, 1374, 1558, 1556, -1558, -1556, 1557, -1557, 1561, 1558, -1561, -1558, 1560, 1744, 1880]
1749: []
1750: [206]
1751: [43, 129, 443, 440, -443, 1120, -1120, 1157, 1882]
1752: []
1753: []
1754: [814, 1544, 1922]
1755: [467, 463, -467, 461, -463, 715, -715, 716, 996, 1224, 1451]
1756: [27]
1757: [11, 718]
1758: [832, 1078, 1364]
1759: [44, 351, -351, 469, 462, -469, 670, -670, 670, 665, -670, -665, 670, -670, 670, 667, -670, 664, -667, -664, 666, -666, 670, 667, -670, 664, -667, -664, 666, -666, 670, 666, -670, -666, 667, -667, 666, -666, 670, 667, -670, -667, 670, 667, -670, -667, 670, 667, -670, -667, 671, 668, -671, -668, 670, -670, 1843]
1760: [1238, -1238, 1338, 1479, 1478, -1479, 1747]
1761: [315, 1632, 1626, -1632]
1762: []
1763: [742, -742, 744, 894, 893, -894, -893, 894, -894, 895, 894, -895, 893, -894, -893, 894, 1064, 1649, 1643, -1649, 1638, -1643, -1638, 1643]
1764: [591, 589, -591, -589, 591, 856, 1017, 1186, -1186, 1187, 1397, 1394, -1397, -1394, 1396, 1393, -1396, -1393, 1396, -1396, 1400, -1400, 1437]
1765: [7, 484, 660, 814, 965, 1247, 1565, 1774, 1905]
1766: [36]
1767: []
1768: []
1769: [605, 600, -605, -600, 635, -635, 1335]
1770: [1830, 1824, -1830, -1824, 1824, -1824, 1830, 1824, -1830, -1824, 1830, -1830, 1830, -1830, 1873]
1771: []
1772: [55, 604, -604, 639, -639, 641, -641, 641, -641, 640, -640, 641, -641, 641, -641, 641, -641, 640, -640, 642, -642, 642, -642, 640, -640, 642, 641, -642, -641, 642, -642, 642, 641, -642, -641, 642, -642, 642, -642, 641, -641, 642]
1773: []
1774: [556, 741, 739, -741, -739]
1775: [666, 665, -666, 1021, 1419, 1761, -1761, 1760, -1760]
1776: [986, -986, 1038, 1262, 1402]
1777: []
1778: []
1779: [224, 568, 783, 782, -783, -782, 783, 951, 1121, -1121, 1178, 1347, 1346, -1347, 1467, 1616, 1614, -1616, 1808]
1780: []
1781: [1718, 1923]
1782: [6]
1783: []
1784: []
1785: [368, 524, 671, -671, 771, 988, 1634, 1633, -1634, 1632, -1633, 1621, -1632]
1786: [365, 362, -365, -362, 428, 905, 896, -905, 1254]
1787: [1145]
1788: []
1789: [133]
1790: [20, 424, -424, 424, 1152, 1681]
1791: [1413, 1412, -1413, 1584]
1792: []
1793: [664, -664, 664, -664, 663, -663, 662, -662, 663, -663, 662, -662, 663, 1927]
1794: [84, 409, 408, -409, 403, -408, -403, 408, -408, 408, 403, -408, -403, 403, -403, 403, -403, 408, -408, 1305, 1958]
1795: [37, 424, 797, -797, 799, 798, -799, 984, 1874]
1796: [28, 597, -597, 625, 623, -625, -623, 624, 622, -624, -622, 624, 623, -624, -623, 624, 1302, -1302]
1797: []
1798: [23, 270, 481, 626, 623, -626, -623, 625, -625, 629, 627, -629, 626, -627, -626, 627, 626, -627, -626, 627, 833, 1067, 1066, -1067, 1248, 1434, 1578, -1578, 1605, 1745, 1744, -1745, -1744, 1746, 1745, -1746, 1743, -1745, 1742, -1743, 1741, -1742, -1741, 1742, 1932]
1799: [610, 604, -610, -604, 610, 608, -610, -608, 610, 604, -610, 934, -934, 996, 1220, 1216, -1220, 1551]
1800: [1871]
1801: [369, -369, 370, 687, -687, 686, -686, 683, 680, -683, -680, 679, -679, 684, 680, -684, 675, -680, -675, 679, -679, 684, -684, 685, 680, -685, -680, 680, -680, 679, -679, 679, -679, 682, -682, 682, -682, 679, -679, 679, -679, 682, 679, -682, 676, -679, -676, 679, -679, 679, -679, 682, 679, -682, -679, 679, -679, 679, -679, 679, -679, 679, -679, 679, -679, 679, 913, 1146, -1146, 1253, 1391, 1389, -1391, -1389, 1391, -1391, 1389, 1386, -1389]
1802: [10, 608, 607, -608, -607, 608, 607, -608, -607, 608, 607, -608, -607, 608, 606, -608, -606, 607, -607, 609, 608, -609, -608, 609, 1092, 1223, 1549, 1688, -1688, 1688, 1686, -1688, -1686, 1688, 1687, -1688, -1687, 1688, 1814, -1814, 1821, 1811, -1821, -1811, 1816, 1811, -1816, -1811, 1816, -1816, 1826]
1803: [1832, 1958]
1804: [976, 1092, -1092, 1096, 1430, -1430, 1430, -1430, 1431, 1426, -1431]
1805: [1362, -1362, 1365, 1929]
1806: [1036, 1408]
1807: [1957]
1808: [1454, -1454]
1809: [17]
1810: [464, 586, -586, 600, 597, -600, -597, 600, 597, -600, 723, 924, 922, -924, -922, 924, -924, 924, 918, -924, -918, 924, -924, 924, 918, -924, -918, 924, 923, -924, 1106, 1273, 1272, -1273, 1424, 1559, 1681, 1870]
1811: []
1812: [9]
1813: [11, 335, -335]
1814: []
1815: [1765]
1816: [540, 1239, 1234, -1239, 1233, -1234, 1392, 1388, -1392, 1385, -1388, 1567, 1565, -1567, -1565, 1567, -1567, 1567, 1725, -1725, 1727, 1726, -1727]
1817: [1063, 1289, 1475, -1475, 1783, -1783]
1818: []
1819: [4]
1820: []
1821: [182, 417, 595, 802]
1822: [613, -613, 611, -611, 611]
1823: [992]
1824: []
1825: [11, 806, -806, 813, 806, -813, 799, -806, -799, 806, 799, -806, -799, 806, -806, 813, 806, -813, 799, -806, -799, 806, 800, -806, -800, 807, -807, 813, 806, -813, -806, 813, -813, 813, 806, -813, 799, -806, -799, 806, 799, -806, -799, 806, 799, -806, 793, -799, 786, -793, -786, 793, -793, 799, -799, 806, 799, -806, 792, -799, -792, 799, 796, -799, -796, 802, 796, -802, -796, 799, 797, -799, 792, -797, -792, 796, -796, 802, 797, -802, -797, 799, 796, -799, -796, 801, 796, -801, 792, -796, -792, 796, 790, -796, -790, 796, 794, -796, -794, 796, -796, 802, 796, -802, 790, -796, -790, 796, 793, -796, 790, -793, -790, 793, -793, 796, -796, 801, 796, -801, -796, 799, 796, -799, -796, 799, 796, -799, 794, -796, -794, 796, 794, -796, -794, 796, 793, -796, -793, 796, -796, 799, 796, -799, -796, 799, 796, -799, 794, -796, -794, 796, 793, -796, -793, 796, -796, 799, 796, -799, -796, 799, 796, -799, 794, -796, -794, 796, -796, 801, -801, 805, 801, -805, 798, -801, -798, 801, 798, -801, -798, 801, 798, -801, -798, 801, -801, 805, 801, -805, -801, 805, 801, -805, 798, -801, -798, 801, 798, -801, -798, 801, -801, 805, 801, -805, 798, -801, -798, 801, 800, -801, -800, 801, 800, -801, -800, 801, 799, -801, 978, 973, -978, -973, 978, 976, -978, 1188]
1826: [18, 639, -639, 1776]
1827: [1646, 1640, -1646]
1828: [489, 483, -489, 478, -483, 746, -746, 1650, -1650, 1655, 1802]
1829: [395, -395, 389, -389, 392, -392, 393, -393, 393, 875, -875, 1401, 1398, -1401, -1398, 1403, -1403, 1407]
1830: [139, 1283, 1488, 1744, -1744, 1745, 1901]
1831: []
1832: []
1833: [17, 637, -637, 638, -638, 639, -639, 639, 802, 1292, -1292, 1296, 1293, -1296, 1290, -1293, -1290, 1292, 1289, -1292, -1289, 1292, -1292, 1296, 1292, -1296, -1292, 1296, 1293, -1296, 1290, -1293, -1290, 1292, -1292, 1296, 1293, -1296, 1290, -1293, -1290, 1292, 1289, -1292, -1289, 1292, -1292, 1296, 1292, -1296, 1289, -1292, -1289, 1292, 1581, 1809, -1809, 1809, -1809, 1804, -1804, 1809, -1809, 1805, -1805, 1804, -1804, 1809, -1809, 1816]
1834: [18]
1835: []
1836: [400, -400, 401, -401, 402, 1841, 1839, -1841, -1839, 1841, -1841, 1841, 1839, -1841, -1839, 1841, -1841, 1841, -1841, 1841, 1839, -1841, -1839, 1841, -1841, 1841, 1840, -1841, -1840, 1841]
1837: [643, -643, 1153, -1153, 1153, 1656, 1649, -1656, 1947]
1838: [14, 612, -612, 612, -612, 612, -612, 606, -606, 612, -612, 612, -612, 612, -612, 753, 751, -753, 1108, -1108, 1169, 1407, 1401, -1407, 1400, -1401, 1393, -1400, 1526, 1524, -1526]
1839: [50, 171]
1840: []
1841: [10]
1842: [1263, 1257, -1263, 1251, -1257, -1251, 1257, 1254, -1257, -1254, 1289]
1843: [316, 610, 608, -610, -608, 610, -610, 612, 610, -612, 606, -610, -606, 610, -610, 611, -611, 620, 611, -620, 1081]
1844: [773, -773, 774, 771, -774, -771, 773, -773, 773, 771, -773, -771, 773, -773, 777, 773, -777, -773, 773, -773, 773, -773, 773, -773, 777, -777, 777, 952, 949, -952, -949, 952, -952, 1048, 1044, -1048, -1044, 1047, 1045, -1047, 1043, -1045, -1043, 1044, -1044, 1047, 1045, -1047, 1043, -1045, -1043, 1044, 1188]
1845: [30, 259, 522]
1846: []
1847: [45]
1848: []
1849: [345, 341, -345, 337, -341, -337, 396, 600, 592, -600, 589, -592, -589, 644, -644, 646, 644, -646, -644, 646, 643, -646, -643, 645, -645, 648, 644, -648, 643, -644, -643, 644, -644, 645, -645, 647, 644, -647, -644, 645, 644, -645, 643, -644, -643, 644, -644, 645, -645, 648, 644, -648, 643, -644, -643, 644, -644, 645, 644, -645, 643, -644, -643, 644, -644, 645, 644, -645, 643, -644, -643, 644, -644, 645, 644, -645, 643, -644, -643, 644, 910, -910, 908, 903, -908, 1068, -1068, 1073, 1213, 1212, -1213, -1212, 1213, 1348]
1850: [1829, -1829]
1851: [250, 452, 448, -452, 642, -642, 642, 640, -642, -640, 642, -642, 645, 642, -645, 639, -642, -639, 642, 640, -642, -640, 641, 639, -641, -639, 640, -640, 641, -641, 644, 641, -644, -641, 642, 641, -642, 640, -641, 639, -640, -639, 640, 639, -640, -639, 640, 639, -640, -639, 640, 821, 1027, 1188]
1852: []
1853: [62, 230, 1071, -1071, 1072, 1071, -1072, -1071, 1072, 1071, -1072, -1071, 1072, 1071, -1072, -1071, 1072, 1071, -1072, -1071, 1072, 1071, -1072, 1236, 1235, -1236, 1393, 1388, -1393, -1388, 1392, 1372, -1392, 1370, -1372, 1492, 1490, -1492, -1490, 1492, 1670, 1666, -1670, -1666, 1670, -1670, 1838, 1831, -1838, -1831, 1838, -1838, 1899]
1854: [16]
1855: [1062, -1062, 1062, -1062, 1065, 1307, -1307, 1307, -1307, 1308, -1308, 1306, -1306, 1308, -1308, 1308, -1308, 1308, -1308, 1308, 1307, -1308, -1307, 1308, 1306, -1308, -1306, 1308, -1308, 1308, -1308, 1308, 1306, -1308, -1306, 1308, -1308, 1308, -1308, 1308, -1308, 1308, 1306, -1308, -1306, 1308, -1308, 1308, -1308, 1308, -1308, 1308, -1308, 1308, 1306, -1308, -1306, 1308, -1308, 1308, 1306, -1308, -1306, 1308, -1308, 1308, -1308, 1308, -1308, 1308, -1308, 1308, 1306, -1308, -1306, 1308, -1308, 1308, -1308, 1308, -1308, 1308, -1308, 1308, 1625]
1856: []
1857: []
1858: [10]
1859: []
1860: [14, 201]
1861: []
1862: [843, 842, -843, 1088, 1087, -1088, 1224, 1223, -1224, -1223, 1224, -1224, 1225, 1224, -1225, -1224, 1225, 1224, -1225, 1223, -1224, -1223, 1224, 1524, 1747]
1863: [492, -492, 493, 857]
1864: [1900]
1865: [362, 613, -613, 616, 614, -616, 609, -614, 603, -609, -603, 609, 936, 1145, -1145, 1321]
1866: [366, 365, -366, -365, 367, 366, -367, 365, -366, -365, 366, 365, -366, 622, -622, 622, 774, -774, 816, -816]
1867: [17, 93]
1868: [9]
1869: []
1870: []
1871: [807, 996, 1904]
1872: []
1873: [815, 813, -815, -813, 815, 814, -815, -814, 815, 814, -815, -814, 815, 814, -815, -814, 815, 814, -815, -814, 818, -818, 815, -815, 816, 815, -816, -815, 817, -817, 816, -816, 816, -816, 816, 814, -816, -814, 815, -815, 816, 814, -816, -814, 815, 812, -815, -812, 814, -814, 815, -815, 815, -815, 815, -815, 814, -814, 815, 812, -815, -812, 814, -814, 815, -815, 819, 999, 1135, -1135]
1874: [349, 588, 892, 1116, 1115, -1116, 1314, 1308, -1314, -1308, 1313, -1313, 1313, -1313, 1313, 1307, -1313, -1307, 1313, 1308, -1313, -1308, 1681, 1878]
1875: []
1876: []
1877: []
1878: []
1879: [756, 749, -756, 744, -749, -744, 749, 742, -749, -742, 749, 742, -749, 739, -742, -739, 745, -745, 749, 742, -749, -742, 749, 744, -749, -744, 748, 742, -748, -742, 748, -748, 754, 749, -754, 742, -749, 740, -742, -740, 745, 742, -745, -742, 744, 743, -744, -743]
1880: [26, 363, 357, -363, 741, -741, 741, -741, 755, 753, -755, 981, 1188, 1185, -1188, -1185, 1187, -1187, 1188, 1680, 1807, -1807, 1811, 1810, -1811, -1810, 1811, 1810, -1811]
1881: [92, 391, -391, 391, 552, 547, -552, -547, 551, 550, -551, 689, 814, 972, 1101, 1215, 1326, 1457, 1604, 1603, -1604, 1752, 1867]
1882: [113, 676, 967, -967, 1091, 1475]
1883: []
1884: [1143, -1143, 1304, -1304, 1303, -1303, 1304, 1302, -1304, -1302, 1303, -1303, 1306, 1304, -1306, -1304, 1306, 1304, -1306, 1303, -1304, -1303, 1304, 1302, -1304, -1302, 1303, -1303, 1306, 1304, -1306, 1302, -1304, -1302, 1303, -1303, 1306, 1304, -1306, -1304, 1306, 1304, -1306, -1304, 1306, 1304, -1306, 1302, -1304, -1302, 1303, -1303, 1306, 1304, -1306, -1304, 1306, 1304, -1306, 1302, -1304, -1302, 1303, -1303, 1306, 1304, -1306, 1302, -1304, -1302, 1303, -1303, 1306, 1304, -1306, -1304, 1306, 1304, -1306, 1302, -1304, -1302, 1303, -1303, 1306, 1304, -1306]
1885: []
1886: []
1887: [17, 97, 267, -267, 341, 1232, -1232, 1764, 1762, -1764, 1760, -1762, -1760, 1761, -1761, 1764, 1762, -1764, -1762, 1821]
1888: [620, 616, -620, -616, 652, 648, -652, -648, 652, 649, -652, -649, 652, 649, -652, -649, 652, 648, -652, -648, 651, -651, 657, 652, -657, 648, -652, -648, 651, -651, 652, 648, -652, -648, 651, -651, 657, 652, -657, 1179, 1824]
1889: [1718, -1718]
1890: [19, 1110, -1110, 1143, -1143, 1143, -1143, 1233, 1421, 1709]
1891: []
1892: [9]
1893: []
1894: []
1895: []
1896: []
1897: [28]
1898: [1668, -1668, 1670, 1668, -1670, -1668, 1669, 1668, -1669, 1791, -1791, 1791, -1791, 1816]
1899: [216, 562, 558, -562, -558, 561, -561, 561, -561, 562, 558, -562, -558, 562, -562, 562, 558, -562, -558, 562, -562, 562, 559, -562, 556, -559, -556, 559, -559, 559, 556, -559, -556, 559, 738, 736, -738, -736, 737, -737, 773, 757, -773, -757, 773, 757, -773, -757, 773, 1034, 1173]
1900: []
1901: []
1902: [523, 520, -523, 666, 664, -666, -664, 666, 664, -666, -664, 666, 662, -666, -662, 666, 662, -666, 660, -662, 659, -660, -659, 660, -660, 662, 660, -662, -660, 662, 660, -662, -660, 663, -663, 666, 664, -666, -664, 666, 663, -666, -663, 666, 663, -666, 660, -663, -660, 662, 660, -662, -660, 662, 1100, 1444, 1442, -1444, 1903]
1903: []
1904: []
1905: []
1906: [12]
1907: [37]
1908: [16]
1909: [30, 233]
1910: []
1911: [89, 454, 1330]
1912: [1664, -1664, 1665, -1665]
1913: []
1914: [422, 420, -422, -420, 422, -422, 422, 647, 645, -647, 643, -645, -643, 644, -644, 647, -647, 642, -642, 640, -640, 639, -639, 719, 978, 1188, 1185, -1188, 1184, -1185, 1182, -1184, -1182, 1184, 1436, 1685, 1857]
1915: [1966]
1916: []
1917: [338, 879, 874, -879]
1918: []
1919: [118]
1920: [218, 460, 651, 649, -651, -649, 650, 1198, -1198, 1199, 1155, -1199, -1155, 1198, -1198, 1202, -1202]
1921: []
1922: []
1923: []
1924: [12, 355]
1925: []
1926: [1117]
1927: []
1928: [5, 1585, 1738]
1929: []
1930: []
1931: []
1932: []
1933: [18, 98, 217, 331, 497, 496, -497, 644, -644, 644, 640, -644, -640, 644, 641, -644, -641, 644, 641, -644, 849, -849, 863, 1110, 1243, 1364, 1363, -1364, 1541, 1674, 1673, -1674, -1673, 1674, -1674, 1675, 1674, -1675, -1674, 1675, 1674, -1675, 1673, -1674, -1673, 1674, 1673, -1674, -1673, 1674, 1802, 1938]
1934: []
1935: []
1936: []
1937: []
1938: [35, 253, 1148, 1145, -1148, 1140, -1145, 1139, -1140, -1139, 1140, 1500, -1500, 1499]
1939: []
1940: []
1941: [11]
1942: [1106, -1106, 1441, 1440, -1441, -1440]
1943: []
1944: [1808, 1807, -1808, -1807, 1808, 1805, -1808, -1805, 1806, 1802, -1806, -1802, 1805, -1805, 1808, 1806, -1808, 1804, -1806, -1804, 1806, 1803, -1806, -1803, 1805, -1805, 1808, 1805, -1808]
1945: [427]
1946: []
1947: [338, -338, 534, 779, 776, -779, -776, 1396, 1770, -1770, 1772, 1902]
1948: []
1949: [11, 1330, 1329, -1330]
1950: []
1951: []
1952: [1435, -1435, 1479, 1898]
1953: [237, 368, 526, 722, -722, 728, -728, 774, -774, 776, -776, 778, 771, -778, -771, 776, -776, 778, -778, 775, -775, 778, 767, -778, -767, 778, 767, -778, 764, -767, -764, 765, -765, 777, -777, 786, 978, 1129, 1367]
1954: [1928]
1955: []
1956: [529, -529, 525, -525, 525, -525, 567, -567]
1957: [2]
1958: [904, -904, 905, 1143, -1143]
1959: []
1960: []
1961: [8, 338, 616, -616, 616, -616, 653, -653, 653, 646, -653, -646, 653, -653, 646, -646, 653, -653, 653, 649, -653, -649, 653, 647, -653, 645, -647, -645, 647, 1886]
1962: [644, -644]
1963: []
1964: [31, 106, 286]
1965: []
1966: []
1967: [265, 636, -636, 679, -679, 677, -677, 636, -636, 636, -636, 636]
1968: [9]
1969: [1669, 1663, -1669, -1663, 1668, -1668]
1970: [10]
1971: []
1972: []
1973: []
1974: []
1975: [1142, -1142]
1976: []
1977: [316, 597, 593, -597, -593, 597, 905, 899, -905]
1978: []
1979: []
1980: [11, 1111, -1111]
1981: []
1982: []
1983: [1334, 1541, -1541, 1541, -1541, 1602, 1601, -1602, 1600, -1601]
1984: [75]
1985: [120]
1986: []
1987: []
1988: []
1989: []
1990: [291, 429, 722, -722, 728, 726, -728, 720, -726, 719, -720, 718, -719, -718, 719, -719, 721, 719, -721, -719, 719, -719, 721, -721, 1469, -1469, 1524, -1524, 1527, 1521, -1527, -1521, 1525]
1991: [532, 739, 726, -739, 714, -726, -714, 726, -726, 735, 726, -735, -726, 1530, 1529, -1530, -1529, 1530, -1530, 1601, 1768]
1992: []
1993: []
1994: []
1995: [390, 602, -602, 630, 616, -630, -616, 623, 617, -623, -617, 618, -618, 627, 600, -627, 871]
1996: [56, 532, 1705]
1997: []
1998: [36]
1999: []
2000: [1668]
2001: [199, 612, 1474]
2002: [527, 1809]
2003: [1102]
2004: [1346]
2005: [1140]
2006: [403]
2007: [254]
2008: []
2009: [999]
2010: [952, 1023]
2011: [361, 762]
2012: [1011, 1092, 1482]
2013: [193, 521, 1393]
2014: [670]
2015: [282, 1521]
2016: [1319, 1423, 1879]
2017: []
2018: [727]
2019: [747]
2020: [324]
2021: [663, 1812]
2022: [26]
2023: [1579]
2024: []
2025: [457]
2026: []
2027: [546, 849, 1370]
2028: [511, 1040, 1149, 1881]
2029: [618]
2030: [1873, 1933]
2031: [1084, 1155, 1166]
2032: [593]
2033: [1398, 1404]
2034: [167, 448, 1347]
2035: [631, 1041, 1165, 1732]
2036: [95, 193]
2037: [399, 518, 1296, 1430, 1873]
2038: [1951]
2039: [131, 1836]
2040: [611]
2041: [1270, 1640, 1712]
2042: []
2043: [1045]
2044: [889, 1185]
2045: []
2046: [57]
2047: [26, 1514]
2048: [223, 1198, 1320]
2049: []
2050: [299, 797]
2051: [799, 1405, 1697]
2052: [1092]
2053: []
2054: [177, 1571]
2055: [195, 728, 1951]
2056: [620, 1126, 1694]
2057: [1005, 1867]
2058: [1438, 1508, 1544]
2059: [1679, 1720, 1734]
2060: []
2061: [105, 557, 620, 1103, 1596]
2062: [695]
2063: [1009, 1579]
2064: [673]
2065: [410, 1860]
2066: [90, 728]
2067: [542, 563, 927]
2068: []
2069: [2, 1412, 1668]
2070: [680, 951]
2071: [1751]
2072: []
2073: [1913, 1938]
2074: [393, 1890]
2075: [1738]
2076: [123]
2077: [19]
2078: [360, 1518]
2079: [518, 1286]
