7
5
5
8
5
2
13
15
12
9
4
13
0
15
8
11
4
10
15
9
14
11
11
13
2
10
14
4
13
1
3
14
1
9
15
5
6
6
0
1
11
2
8
8
5
3
2
12
15
13
6
3
8
12
5
4
15
9
12
14
0
11
14
13
6
14
14
8
13
4
5
13
7
14
12
6
0
3
3
0
15
6
7
13
9
11
10
4
2
10
6
4
8
10
10
10
4
2
11
8
7
7
1
9
0
1
9
15
15
6
1
6
7
0
11
13
9
12
1
14
11
15
11
15
0
1
10
8
6
10
2
4
13
9
15
12
9
9
13
2
14
6
2
15
1
2
5
4
9
5
12
10
14
5
13
14
5
12
0
7
11
3
10
15
7
12
3
9
0
4
4
2
7
0
15
0
7
3
2
10
10
12
7
14
6
11
12
0
3
1
3
8
4
1
11
13
8
6
9
4
8
10
1
5
3
1
4
9
5
7
6
14
0
12
15
2
2
0
9
1
7
6
11
2
10
14
10
0
4
8
4
8
6
8
14
0
14
9
3
6
3
5
12
13
12
12
7
12
9
5
13
10
3
10
2
13
5
2
2
0
10
14
1
7
7
5
14
8
2
7
5
13
7
5
6
11
7
10
1
8
4
14
6
8
8
2
11
15
14
1
15
9
2
15
10
4
0
3
11
3
5
9
15
5
11
11
4
10
0
11
4
7
13
6
8
1
9
4
7
13
12
8
10
8
12
2
5
13
1
2
10
7
13
5
12
2
9
1
10
0
3
8
1
10
12
1
4
6
6
0
14
13
3
9
15
11
4
7
11
15
5
0
2
10
9
15
9
2
8
11
12
7
14
11
8
11
12
8
1
13
6
15
13
5
0
6
10
14
4
14
15
1
1
10
11
12
7
3
5
4
9
13
14
11
15
11
4
13
12
2
9
6
8
0
3
5
6
9
11
2
13
2
6
4
4
12
7
2
15
9
2
13
15
0
10
11
11
3
1
5
15
4
0
12
3
9
8
5
14
8
14
3
3
8
1
5
12
9
0
3
3
6
4
8
3
1
12
6
12
14
7
6
12
6
7
1
5
13
15
13
2
15
1
7
0
7
10
3
7
3
0
14
8
0
11
3
6
14
3
1
12
1
9
6
11
14
13
3
4
7
14
2
10
15
9
0
5
10
4
1
13
