4
13
0
1
6
9
13
1
12
12
10
4
13
10
6
2
14
5
7
0
8
9
9
1
0
15
12
15
9
11
2
0
1
2
6
6
6
1
4
8
14
2
4
8
4
6
2
3
3
10
14
10
12
1
0
10
13
6
0
9
0
14
9
9
3
8
9
13
0
13
11
5
8
3
7
5
11
14
5
2
14
0
7
15
12
7
1
12
4
4
10
2
3
7
2
1
13
1
6
9
4
9
8
6
7
11
8
3
14
11
5
3
2
12
11
11
0
8
7
13
9
0
5
11
3
3
1
13
3
2
7
2
12
13
15
15
15
14
9
1
7
13
10
2
8
4
2
14
10
13
2
6
8
12
8
12
1
15
8
1
4
10
0
5
0
9
15
12
10
4
8
12
3
4
3
15
13
10
10
14
4
10
11
6
15
9
4
15
7
0
6
13
2
7
4
1
2
9
1
11
2
8
9
12
1
6
15
3
8
3
0
10
14
14
12
3
14
1
5
14
13
15
8
9
0
11
14
2
10
9
6
3
4
11
5
10
0
0
8
2
7
1
15
5
5
6
3
3
7
11
15
5
2
6
8
4
11
1
4
15
14
12
15
13
0
6
4
12
5
15
9
4
10
8
2
3
11
14
12
13
8
14
6
13
9
11
14
10
11
6
12
11
1
14
3
12
7
3
8
10
5
7
8
7
5
9
13
3
5
5
6
2
6
0
7
1
15
0
11
0
8
0
2
13
9
13
13
3
14
14
6
10
7
8
12
13
7
3
1
4
15
0
4
7
6
10
4
2
3
5
6
3
8
15
11
2
10
12
9
5
0
15
5
14
14
10
11
14
15
15
0
7
1
6
7
1
14
0
12
4
11
11
5
12
2
5
8
9
10
5
10
6
14
1
1
13
13
13
13
13
13
4
8
10
0
1
14
1
6
7
6
6
0
4
9
4
0
11
9
14
12
12
12
7
5
15
1
11
5
5
12
13
5
15
7
2
9
5
3
9
6
4
7
2
0
11
2
14
12
6
15
2
10
3
9
15
8
6
15
4
3
7
7
8
13
9
11
4
12
9
11
5
13
10
7
10
5
12
7
12
14
3
8
11
11
2
4
5
10
15
8
15
15
5
3
10
10
1
3
1
15
0
7
12
6
9
2
11
7
4
1
8
10
14
11
9
0
