3
1
3
15
1
4
4
5
5
7
13
13
11
7
10
4
15
0
12
0
14
13
8
14
2
14
9
1
11
11
2
12
1
11
7
3
4
0
3
9
13
12
3
12
2
10
10
11
4
15
13
9
9
15
7
13
15
2
8
10
14
15
1
10
0
2
12
8
6
2
3
2
13
0
4
0
4
1
12
1
5
0
15
14
10
7
8
10
9
0
5
4
15
2
5
13
5
7
5
1
13
10
1
6
5
3
1
8
15
15
9
12
8
5
11
3
3
5
9
4
0
0
11
10
7
8
12
14
0
1
2
14
8
6
14
6
12
10
4
0
4
5
2
4
4
9
4
12
8
3
8
7
2
6
10
7
6
7
0
0
11
9
15
3
15
13
0
9
12
15
14
3
15
15
8
4
2
6
8
6
13
6
14
13
11
0
3
12
9
3
2
1
3
13
13
11
1
1
11
4
6
15
9
9
15
14
5
14
10
7
10
15
2
6
2
10
14
8
11
5
12
13
7
6
10
3
1
1
4
9
1
0
8
9
7
4
0
2
2
15
7
6
1
8
11
9
13
14
14
5
15
10
15
4
0
12
3
15
3
9
1
3
2
11
6
2
2
13
10
11
6
10
0
2
10
7
5
14
12
12
5
11
0
13
5
3
15
8
15
8
7
4
5
11
0
1
2
2
5
4
6
5
8
12
5
6
10
7
7
14
3
0
6
6
1
2
12
7
11
2
9
9
0
3
9
10
15
5
5
8
14
1
6
8
6
6
7
14
13
3
13
6
14
10
8
4
11
6
7
3
11
1
9
7
8
2
14
14
8
11
10
5
9
11
1
10
1
0
1
9
4
2
1
5
3
6
7
14
13
12
11
2
8
3
13
12
8
9
9
7
8
11
15
6
8
11
1
8
6
4
5
4
14
14
2
12
10
0
0
12
4
13
12
6
3
8
12
15
12
6
12
2
10
5
0
7
1
11
0
13
7
15
4
5
10
5
8
10
7
13
14
13
3
1
5
7
8
15
0
10
10
5
5
9
3
11
12
4
4
7
15
9
13
15
11
14
13
8
13
11
0
11
11
4
14
12
12
14
9
7
14
6
12
9
6
2
14
9
13
13
7
1
7
12
3
9
10
2
4
15
3
6
10
10
1
14
11
3
1
12
0
2
4
5
12
8
6
14
4
9
13
